0.0000000	15.3204596
0.0212766	4.8802990
0.0425532	0.4711913
0.0638298	0.4991638
0.0851064	4.0366287
0.1063830	4.7294058
0.1276596	1.1792749
0.1489362	0.3474555
0.1702128	0.2652387
0.1914894	4.0735363
0.2127660	9.7619468
0.2340426	1.9534822
0.2553191	1.3149601
0.2765957	1.8510493
0.2978723	1.2079792
0.3191489	2.7429352
0.3404255	1.1126326
0.3617021	0.6133192
0.3829787	1.3667691
0.4042553	0.4233359
0.4255319	1.0476306
0.4468085	0.4357799
0.4680851	0.5556748
0.4893617	0.9212684
0.5106383	0.1845305
0.5319149	0.7037144
0.5531915	0.1786322
0.5744681	0.6645701
0.5957447	0.6429793
0.6170213	0.0539100
0.6382979	0.4411794
0.6595745	0.0840447
0.6808511	0.6930601
0.7021277	0.5208176
0.7234043	0.0071680
0.7446809	0.2276798
0.7659574	0.0544832
0.7872340	0.6051427
0.8085106	0.4661439
0.8297872	0.0003430
0.8510638	0.1090166
0.8723404	0.0413367
0.8936170	0.4704192
0.9148936	0.4011720
0.9361702	0.0011722
0.9574468	0.0726092
0.9787234	0.0327407
1.0000000	0.3619822
1.0212766	0.3031152
1.0425532	0.0015599
1.0638298	0.0667198
1.0851064	0.0280507
1.1063830	0.2962780
1.1276596	0.1986131
1.1489362	0.0067069
1.1702128	0.0565306
1.1914894	0.0256361
1.2127660	0.2462940
1.2340426	0.1213397
1.2553191	0.0176764
1.2765957	0.0450668
1.2978723	0.0233188
1.3191489	0.1862630
1.3404255	0.0787064
1.3617021	0.0273348
1.3829787	0.0490141
1.4042553	0.0218092
1.4255319	0.1181973
1.4468085	0.0548587
1.4680851	0.0293874
1.4893617	0.0692811
1.5106383	0.0236645
1.5319149	0.0616180
1.5531915	0.0340882
1.5744681	0.0259676
1.5957447	0.0893846
1.6170213	0.0291313
1.6382979	0.0286533
1.6595745	0.0147902
1.6808511	0.0243541
1.7021277	0.0956308
1.7234043	0.0346120
1.7446809	0.0143395
1.7659574	0.0034969
1.7872340	0.0279774
1.8085106	0.0907566
1.8297872	0.0357273
1.8510638	0.0073758
1.8723404	0.0023337
1.8936170	0.0328915
1.9148936	0.0866432
1.9361702	0.0313497
1.9574468	0.0034967
1.9787234	0.0059117
2.0000000	0.0330847
2.0212766	0.0884023
2.0425532	0.0242962
2.0638298	0.0059223
2.0851064	0.0083734
2.1063830	0.0274606
2.1276596	0.0894775
2.1489362	0.0184478
2.1702128	0.0161743
2.1914894	0.0094816
2.2127660	0.0204317
2.2340426	0.0812504
2.2553191	0.0156118
2.2765957	0.0290469
2.2978723	0.0125310
2.3191489	0.0164246
2.3404255	0.0636345
2.3617021	0.0149143
2.3829787	0.0375601
2.4042553	0.0182934
2.4255319	0.0153548
2.4468085	0.0445260
2.4680851	0.0144457
2.4893617	0.0402992
2.5106383	0.0232773
2.5319149	0.0138889
2.5531915	0.0307616
2.5744681	0.0130277
2.5957447	0.0415734
2.6170213	0.0239248
2.6382979	0.0100019
2.6595745	0.0222386
2.6808511	0.0107025
2.7021277	0.0448510
2.7234043	0.0208214
2.7446809	0.0050865
2.7659574	0.0149517
2.7872340	0.0082198
2.8085106	0.0481462
2.8297872	0.0177149
2.8510638	0.0017386
2.8723404	0.0074115
2.8936170	0.0064010
2.9148936	0.0467488
2.9361702	0.0170177
2.9574468	0.0006815
2.9787234	0.0022043
3.0000000	0.0057495
3.0212766	0.0392655
3.0425532	0.0174405
3.0638298	0.0006175
3.0851064	0.0018897
3.1063830	0.0062121
3.1276596	0.0294072
3.1489362	0.0161782
3.1702128	0.0005516
3.1914894	0.0054210
3.2127660	0.0071301
3.2340426	0.0218373
3.2553191	0.0124614
3.2765957	0.0011543
3.2978723	0.0095554
3.3191489	0.0075824
3.3404255	0.0175637
3.3617021	0.0082095
3.3829787	0.0034863
3.4042553	0.0127847
3.4255319	0.0070139
3.4468085	0.0141607
3.4680851	0.0055395
3.4893617	0.0070845
3.5106383	0.0164433
3.5319149	0.0056306
3.5531915	0.0097244
3.5744681	0.0045304
3.5957447	0.0101227
3.6170213	0.0218597
3.6382979	0.0041741
3.6595745	0.0052850
3.6808511	0.0037324
3.7021277	0.0114591
3.7234043	0.0276130
3.7446809	0.0032992
3.7659574	0.0030875
3.7872340	0.0022704
3.8085106	0.0118737
3.8297872	0.0305359
3.8510638	0.0031408
3.8723404	0.0035396
3.8936170	0.0007533
3.9148936	0.0128869
3.9361702	0.0291231
3.9574468	0.0033793
3.9787234	0.0048398
4.0000000	0.0001689
4.0212766	0.0146741
4.0425532	0.0250614
4.0638298	0.0035912
4.0851064	0.0054089
4.1063830	0.0005317
4.1276596	0.0156990
4.1489362	0.0211563
4.1702128	0.0035157
4.1914894	0.0057001
4.2127660	0.0010352
4.2340426	0.0144810
4.2553191	0.0183728
4.2765957	0.0031246
4.2978723	0.0071319
4.3191489	0.0012659
4.3404255	0.0112975
4.3617021	0.0154691
4.3829787	0.0026005
4.4042553	0.0097984
4.4255319	0.0017215
4.4468085	0.0078365
4.4680851	0.0112458
4.4893617	0.0022595
4.5106383	0.0120665
4.5319149	0.0029842
4.5531915	0.0053919
4.5744681	0.0063611
4.5957447	0.0023548
4.6170213	0.0125212
4.6382979	0.0047372
4.6595745	0.0038292
4.6808511	0.0026165
4.7021277	0.0028286
4.7234043	0.0116582
4.7446809	0.0059641
4.7659574	0.0023570
4.7872340	0.0009450
4.8085106	0.0032715
4.8297872	0.0111627
4.8510638	0.0060748
4.8723404	0.0008532
4.8936170	0.0007095
4.9148936	0.0032335
4.9361702	0.0117693
4.9574468	0.0055302
4.9787234	0.0000252
5.0000000	0.0009302
5.0212766	0.0026323
5.0425532	0.0124252
5.0638298	0.0052185
5.0851064	0.0003857
5.1063830	0.0015801
5.1276596	0.0018309
5.1489362	0.0117041
5.1702128	0.0054001
5.1914894	0.0015486
5.2127660	0.0032677
5.2340426	0.0012779
5.2553191	0.0095843
5.2765957	0.0054866
5.2978723	0.0027680
5.3191489	0.0059276
5.3404255	0.0010940
5.3617021	0.0074037
5.3829787	0.0048209
5.4042553	0.0039066
5.4255319	0.0084200
5.4468085	0.0010406
5.4680851	0.0062112
5.4893617	0.0034466
5.5106383	0.0054721
5.5319149	0.0096284
5.5531915	0.0008542
5.5744681	0.0056653
5.5957447	0.0020070
5.6170213	0.0076638
5.6382979	0.0096307
5.6595745	0.0005272
5.6808511	0.0047475
5.7021277	0.0010392
5.7234043	0.0097339
5.7446809	0.0094376
5.7659574	0.0002389
5.7872340	0.0032025
5.8085106	0.0005610
5.8297872	0.0105841
5.8510638	0.0096546
5.8723404	0.0001008
5.8936170	0.0018392
5.9148936	0.0003267
5.9361702	0.0099136
5.9574468	0.0097592
5.9787234	0.0000696
6.0000000	0.0014482
